# learning_rate: 0.0011555979349183042
# num_dense_layers: 6
# num_dense_nodes: 52
# activation: Swish 
# batch_size: 32

# step, loss_train, loss_test, metrics_test
0.000000000000000000e+00 2.851998805999755859e-02 3.006423357874155045e-03 1.489329035393893719e-03 3.576034505385905504e-04 4.523008246906101704e-04 2.698112428188323975e-01 2.851998805999755859e-02 3.006423357874155045e-03 1.489329035393893719e-03 3.576034505385905504e-04 4.523008246906101704e-04 2.698112428188323975e-01
1.000000000000000000e+03 2.932875882834196091e-03 2.735981797741260380e-05 4.026070382678881288e-05 1.669111043156590313e-05 1.204046475322684273e-05 3.306800208520144224e-04 2.932875882834196091e-03 2.735981797741260380e-05 4.026070382678881288e-05 1.669111043156590313e-05 1.204046475322684273e-05 3.306800208520144224e-04
2.000000000000000000e+03 1.473941840231418610e-03 1.158082432084484026e-05 2.269547439937014133e-05 9.802962267713155597e-06 8.201211130653973669e-06 5.160562432138249278e-05 1.473941840231418610e-03 1.158082432084484026e-05 2.269547439937014133e-05 9.802962267713155597e-06 8.201211130653973669e-06 5.160562432138249278e-05
