# learning_rate: 0.0001
# num_dense_layers: 2
# num_dense_nodes: 52
# activation: ReLU 
# batch_size: 32

# step, loss_train, loss_test, metrics_test
0.000000000000000000e+00 1.373259425163269043e+00 1.729286275804042816e-02 2.586703561246395111e-02 9.176300838589668274e-03 3.850495442748069763e-02 3.926387429237365723e-01 1.373259425163269043e+00 1.729286275804042816e-02 2.586703561246395111e-02 9.176300838589668274e-03 3.850495442748069763e-02 3.926387429237365723e-01
1.000000000000000000e+03 6.327109038829803467e-02 2.502122952137142420e-04 8.174278627848252654e-05 4.757033821078948677e-05 6.571911217179149389e-05 1.034609228372573853e-01 6.327109038829803467e-02 2.502122952137142420e-04 8.174278627848252654e-05 4.757033821078948677e-05 6.571911217179149389e-05 1.034609228372573853e-01
2.000000000000000000e+03 2.561776712536811829e-02 3.313003981020301580e-04 6.099980600993148983e-05 5.470863106893375516e-05 1.226049062097445130e-04 1.042728051543235779e-01 2.561776712536811829e-02 3.313003981020301580e-04 6.099980600993148983e-05 5.470863106893375516e-05 1.226049062097445130e-04 1.042728051543235779e-01
3.000000000000000000e+03 2.021013945341110229e-02 3.058793954551219940e-04 4.053841621498577297e-05 4.414670183905400336e-05 1.922380906762555242e-04 9.578798711299896240e-02 2.021013945341110229e-02 3.058793954551219940e-04 4.053841621498577297e-05 4.414670183905400336e-05 1.922380906762555242e-04 9.578798711299896240e-02
4.000000000000000000e+03 1.887300796806812286e-02 2.208326332038268447e-04 5.087169847683981061e-05 1.139972591772675514e-04 2.189987135352566838e-04 8.596830815076828003e-02 1.887300796806812286e-02 2.208326332038268447e-04 5.087169847683981061e-05 1.139972591772675514e-04 2.189987135352566838e-04 8.596830815076828003e-02
5.000000000000000000e+03 1.561690587550401688e-02 2.342790394322946668e-04 3.191371433786116540e-05 1.035501627484336495e-04 2.526936004869639874e-04 7.841335237026214600e-02 1.561690587550401688e-02 2.342790394322946668e-04 3.191371433786116540e-05 1.035501627484336495e-04 2.526936004869639874e-04 7.841335237026214600e-02
