# learning_rate: 0.0001
# num_dense_layers: 10
# num_dense_nodes: 22
# activation: sigmoid 
# batch_size: 32

# step, loss_train, loss_test, metrics_test
0.000000000000000000e+00 2.242578085037694180e-12 7.893255096860229969e-04 7.893112488090991974e-04 7.893206784501671791e-04 7.893340080045163631e-04 2.521221339702606201e-01 2.242578085037694180e-12 7.893255096860229969e-04 7.893112488090991974e-04 7.893206784501671791e-04 7.893340080045163631e-04 2.521221339702606201e-01
1.000000000000000000e+03 3.113934388121464281e-10 3.346626472193747759e-04 3.345723380334675312e-04 3.344955330248922110e-04 3.345962322782725096e-04 1.377439796924591064e-01 3.113934388121464281e-10 3.346626472193747759e-04 3.345723380334675312e-04 3.344955330248922110e-04 3.345962322782725096e-04 1.377439796924591064e-01
2.000000000000000000e+03 7.066636499075684696e-06 3.420433204155415297e-04 3.268833388574421406e-04 3.235510666854679585e-04 3.352428611833602190e-04 1.373077332973480225e-01 7.066636499075684696e-06 3.420433204155415297e-04 3.268833388574421406e-04 3.235510666854679585e-04 3.352428611833602190e-04 1.373077332973480225e-01
3.000000000000000000e+03 1.174224447458982468e-02 2.878108061850070953e-04 1.050039427354931831e-04 5.826422056998126209e-05 9.055672126123681664e-05 1.077710166573524475e-01 1.174224447458982468e-02 2.878108061850070953e-04 1.050039427354931831e-04 5.826422056998126209e-05 9.055672126123681664e-05 1.077710166573524475e-01
4.000000000000000000e+03 2.364454790949821472e-02 1.164988425443880260e-04 3.537433440214954317e-05 2.244822826469317079e-05 3.178906626999378204e-05 5.329203605651855469e-02 2.364454790949821472e-02 1.164988425443880260e-04 3.537433440214954317e-05 2.244822826469317079e-05 3.178906626999378204e-05 5.329203605651855469e-02
5.000000000000000000e+03 2.263976074755191803e-02 4.474469096749089658e-05 1.035051263897912577e-05 7.100708444340853021e-06 1.523137598269386217e-05 9.826472960412502289e-03 2.263976074755191803e-02 4.474469096749089658e-05 1.035051263897912577e-05 7.100708444340853021e-06 1.523137598269386217e-05 9.826472960412502289e-03
