# learning_rate: 0.0001
# num_dense_layers: 10
# num_dense_nodes: 40
# activation:ReLU 
# batch_size: 32
# final loss: 0.04355529695749283
# Training Time: 59.30678153038025

# step, loss_train, loss_test, metrics_test
0.000000000000000000e+00 1.021190080791711807e-02 3.710629534907639027e-04 7.980036752996966243e-05 1.559737211209721863e-05 2.148214989574626088e-04 1.710904836654663086e-01 1.021190080791711807e-02 3.710629534907639027e-04 7.980036752996966243e-05 1.559737211209721863e-05 2.148214989574626088e-04 1.710904836654663086e-01
1.000000000000000000e+03 2.182419411838054657e-02 6.284176924964413047e-05 2.580539694463368505e-05 7.437012391164898872e-05 1.221365382662042975e-04 3.162503615021705627e-02 2.182419411838054657e-02 6.284176924964413047e-05 2.580539694463368505e-05 7.437012391164898872e-05 1.221365382662042975e-04 3.162503615021705627e-02
2.000000000000000000e+03 1.999093219637870789e-02 4.288817217457108200e-05 2.595323712739627808e-05 3.972166814492084086e-05 1.513904862804338336e-04 2.610754594206809998e-02 1.999093219637870789e-02 4.288817217457108200e-05 2.595323712739627808e-05 3.972166814492084086e-05 1.513904862804338336e-04 2.610754594206809998e-02
3.000000000000000000e+03 2.466369792819023132e-02 6.126178777776658535e-05 2.744359335338231176e-05 4.549219011096283793e-05 1.175919896923005581e-04 2.841083705425262451e-02 2.466369792819023132e-02 6.126178777776658535e-05 2.744359335338231176e-05 4.549219011096283793e-05 1.175919896923005581e-04 2.841083705425262451e-02
4.000000000000000000e+03 2.013995125889778137e-02 4.824316056328825653e-05 2.508047691662795842e-05 8.371863805223256350e-05 1.258946140296757221e-04 3.160496801137924194e-02 2.013995125889778137e-02 4.824316056328825653e-05 2.508047691662795842e-05 8.371863805223256350e-05 1.258946140296757221e-04 3.160496801137924194e-02
5.000000000000000000e+03 2.019103243947029114e-02 3.196997204213403165e-05 5.663577394443564117e-05 1.088422504835762084e-04 1.888554106699302793e-04 2.297795936465263367e-02 2.019103243947029114e-02 3.196997204213403165e-05 5.663577394443564117e-05 1.088422504835762084e-04 1.888554106699302793e-04 2.297795936465263367e-02
