# learning_rate: 0.0084
# num_dense_layers: 8
# num_dense_nodes: 70
# activation:tanh 
# batch_size: 32
# final loss: 0.13772200047969818
# Training Time: 89.93668031692505

# step, loss_train, loss_test, metrics_test
0.000000000000000000e+00 1.798616051673889160e-01 1.826680847443640232e-03 4.699163546320050955e-04 5.370198632590472698e-04 3.172824624925851822e-03 1.502663642168045044e-01 1.798616051673889160e-01 1.826680847443640232e-03 4.699163546320050955e-04 5.370198632590472698e-04 3.172824624925851822e-03 1.502663642168045044e-01
1.000000000000000000e+03 1.723632303765043616e-04 3.600809141062200069e-04 2.973204827867448330e-04 2.725837694015353918e-04 3.421751316636800766e-04 1.362774819135665894e-01 1.723632303765043616e-04 3.600809141062200069e-04 2.973204827867448330e-04 2.725837694015353918e-04 3.421751316636800766e-04 1.362774819135665894e-01
2.000000000000000000e+03 2.213737104739266215e-08 2.292498247697949409e-04 2.294697769684717059e-04 2.295422455063089728e-04 2.292910212418064475e-04 1.387086659669876099e-01 2.213737104739266215e-08 2.292498247697949409e-04 2.294697769684717059e-04 2.295422455063089728e-04 2.292910212418064475e-04 1.387086659669876099e-01
3.000000000000000000e+03 1.107401317312906031e-06 3.342492855153977871e-04 3.325614379718899727e-04 3.320427786093205214e-04 3.345534205436706543e-04 1.376990228891372681e-01 1.107401317312906031e-06 3.342492855153977871e-04 3.325614379718899727e-04 3.320427786093205214e-04 3.345534205436706543e-04 1.376990228891372681e-01
4.000000000000000000e+03 2.311569687662995420e-06 3.330924082547426224e-04 3.303097910247743130e-04 3.305979771539568901e-04 3.335412184242159128e-04 1.376357823610305786e-01 2.311569687662995420e-06 3.330924082547426224e-04 3.303097910247743130e-04 3.305979771539568901e-04 3.335412184242159128e-04 1.376357823610305786e-01
5.000000000000000000e+03 5.889774001843761653e-09 3.346317098475992680e-04 3.344844735693186522e-04 3.345460281707346439e-04 3.347235033288598061e-04 1.377432644367218018e-01 5.889774001843761653e-09 3.346317098475992680e-04 3.344844735693186522e-04 3.345460281707346439e-04 3.347235033288598061e-04 1.377432644367218018e-01
