# learning_rate: 0.05
# num_dense_layers: 10
# num_dense_nodes: 70
# activation:Swish 
# batch_size: 32
# final loss: 0.13908548653125763
# Training Time: 193.6761600971222

# step, loss_train, loss_test, metrics_test
0.000000000000000000e+00 3.171154094161465764e-05 4.640488100449147169e-07 2.120956423823372461e-06 3.207590850706765195e-07 3.785907409792343969e-08 1.583919674158096313e-01 3.171154094161465764e-05 4.640488100449147169e-07 2.120956423823372461e-06 3.207590850706765195e-07 3.785907409792343969e-08 1.583919674158096313e-01
1.000000000000000000e+03 8.055523479169601764e-13 3.345927107147872448e-04 3.345927107147872448e-04 3.345927107147872448e-04 3.345928271301090717e-04 1.377471238374710083e-01 8.055523479169601764e-13 3.345927107147872448e-04 3.345927107147872448e-04 3.345927107147872448e-04 3.345928271301090717e-04 1.377471238374710083e-01
2.000000000000000000e+03 2.849040990106355142e-13 3.345927107147872448e-04 3.345927107147872448e-04 3.345927107147872448e-04 3.345927980262786150e-04 1.377471238374710083e-01 2.849040990106355142e-13 3.345927107147872448e-04 3.345927107147872448e-04 3.345927107147872448e-04 3.345927980262786150e-04 1.377471238374710083e-01
3.000000000000000000e+03 1.001411003816524148e-13 3.345927107147872448e-04 3.345927107147872448e-04 3.345927107147872448e-04 3.345927398186177015e-04 1.377471089363098145e-01 1.001411003816524148e-13 3.345927107147872448e-04 3.345927107147872448e-04 3.345927107147872448e-04 3.345927398186177015e-04 1.377471089363098145e-01
4.000000000000000000e+03 3.751414394512382622e-14 3.345927107147872448e-04 3.345927107147872448e-04 3.345927107147872448e-04 3.345927398186177015e-04 1.377471089363098145e-01 3.751414394512382622e-14 3.345927107147872448e-04 3.345927107147872448e-04 3.345927107147872448e-04 3.345927398186177015e-04 1.377471089363098145e-01
5.000000000000000000e+03 1.529790291839028260e-14 3.345927107147872448e-04 3.345927107147872448e-04 3.345927107147872448e-04 3.345927398186177015e-04 1.377471089363098145e-01 1.529790291839028260e-14 3.345927107147872448e-04 3.345927107147872448e-04 3.345927107147872448e-04 3.345927398186177015e-04 1.377471089363098145e-01
