# learning_rate: 0.006404472456429745
# num_dense_layers: 6
# num_dense_nodes: 31
# activation: sigmoid 
# batch_size: 32

# step, loss_train, loss_test, metrics_test
0.000000000000000000e+00 2.129286116314688115e-07 1.796708069741725922e-02 1.796342618763446808e-02 1.795025728642940521e-02 1.794695667922496796e-02 1.318416833877563477e+00 2.129286116314688115e-07 1.796708069741725922e-02 1.796342618763446808e-02 1.795025728642940521e-02 1.794695667922496796e-02 1.318416833877563477e+00
1.000000000000000000e+03 1.039489917457103729e-02 2.710678927542176098e-05 7.862588063289877027e-06 1.623295247554779053e-05 4.227422323310747743e-05 5.912144668400287628e-03 1.039489917457103729e-02 2.710678927542176098e-05 7.862588063289877027e-06 1.623295247554779053e-05 4.227422323310747743e-05 5.912144668400287628e-03
2.000000000000000000e+03 5.240275524556636810e-03 4.511169663601322100e-06 4.477531092561548576e-06 8.829420949041377753e-06 7.114003437891369686e-06 6.936192512512207031e-03 5.240275524556636810e-03 4.511169663601322100e-06 4.477531092561548576e-06 8.829420949041377753e-06 7.114003437891369686e-06 6.936192512512207031e-03
3.000000000000000000e+03 6.837423425167798996e-03 3.695225677802227437e-05 5.239779784460552037e-05 6.274358747759833932e-05 5.396519554778933525e-05 1.118253916501998901e-03 6.837423425167798996e-03 3.695225677802227437e-05 5.239779784460552037e-05 6.274358747759833932e-05 5.396519554778933525e-05 1.118253916501998901e-03
4.000000000000000000e+03 5.268135573714971542e-03 1.217003227793611586e-05 1.750510818965267390e-05 2.216903158114291728e-05 2.305047019035555422e-05 8.669938542880117893e-04 5.268135573714971542e-03 1.217003227793611586e-05 1.750510818965267390e-05 2.216903158114291728e-05 2.305047019035555422e-05 8.669938542880117893e-04
5.000000000000000000e+03 4.853614140301942825e-03 1.019703631754964590e-05 1.775175405782647431e-05 2.055454933724831790e-05 2.007151852012611926e-05 1.445465488359332085e-03 4.853614140301942825e-03 1.019703631754964590e-05 1.775175405782647431e-05 2.055454933724831790e-05 2.007151852012611926e-05 1.445465488359332085e-03
