# learning_rate: 0.002203836177626117
# num_dense_layers: 9
# num_dense_nodes: 57
# activation: Swish 
# batch_size: 32

# step, loss_train, loss_test, metrics_test
0.000000000000000000e+00 1.038729329593479633e-03 4.879244806943461299e-05 3.840809313260251656e-06 2.311164053026004694e-06 1.458165115764131770e-05 1.523536145687103271e-01 1.038729329593479633e-03 4.879244806943461299e-05 3.840809313260251656e-06 2.311164053026004694e-06 1.458165115764131770e-05 1.523536145687103271e-01
1.000000000000000000e+03 3.211580915376543999e-03 1.706214789010118693e-05 1.804592284315731376e-05 1.181140123662771657e-05 1.157014321506721899e-05 1.270231878152117133e-04 3.211580915376543999e-03 1.706214789010118693e-05 1.804592284315731376e-05 1.181140123662771657e-05 1.157014321506721899e-05 1.270231878152117133e-04
2.000000000000000000e+03 1.269327767658978701e-04 4.134737082495121285e-06 2.528109234845032915e-06 2.224554009444545954e-06 2.519448116800049320e-06 7.591750181745737791e-05 1.269327767658978701e-04 4.134737082495121285e-06 2.528109234845032915e-06 2.224554009444545954e-06 2.519448116800049320e-06 7.591750181745737791e-05
3.000000000000000000e+03 1.266740291612222791e-04 3.901475338352611288e-06 2.410874003544449806e-06 1.931682618305785581e-06 2.087679376927553676e-06 6.902175664436072111e-05 1.266740291612222791e-04 3.901475338352611288e-06 2.410874003544449806e-06 1.931682618305785581e-06 2.087679376927553676e-06 6.902175664436072111e-05
4.000000000000000000e+03 1.471535942982882261e-04 3.118780341537785716e-06 2.155473111997707747e-06 1.640841219341382384e-06 1.783066977623093408e-06 3.842093065031804144e-05 1.471535942982882261e-04 3.118780341537785716e-06 2.155473111997707747e-06 1.640841219341382384e-06 1.783066977623093408e-06 3.842093065031804144e-05
5.000000000000000000e+03 3.542668127920478582e-05 2.392653868810157292e-06 1.751518880155344959e-06 1.620983880457060877e-06 1.558559119985147845e-06 2.481221963535062969e-05 3.542668127920478582e-05 2.392653868810157292e-06 1.751518880155344959e-06 1.620983880457060877e-06 1.558559119985147845e-06 2.481221963535062969e-05
