# learning_rate: 0.00389
# num_dense_layers: 3
# num_dense_nodes: 50
# activation:sin 
# batch_size: 32
# final loss: 0.0005480028921738267
# Training Time: 38.406309843063354

# step, loss_train, loss_test, metrics_test
0.000000000000000000e+00 4.199156284332275391e+00 2.666272781789302826e-02 2.963815070688724518e-02 4.942697286605834961e-02 4.750075563788414001e-02 1.059621572494506836e+00 4.199156284332275391e+00 2.666272781789302826e-02 2.963815070688724518e-02 4.942697286605834961e-02 4.750075563788414001e-02 1.059621572494506836e+00
1.000000000000000000e+03 5.900190211832523346e-03 5.871934627066366374e-05 5.540341589949093759e-05 7.119937799870967865e-05 7.623587589478120208e-05 1.962272915989160538e-03 5.900190211832523346e-03 5.871934627066366374e-05 5.540341589949093759e-05 7.119937799870967865e-05 7.623587589478120208e-05 1.962272915989160538e-03
2.000000000000000000e+03 2.943576313555240631e-03 2.293790203111711890e-05 3.424423266551457345e-05 3.325521174701862037e-05 2.569640128058381379e-05 3.424269671086221933e-04 2.943576313555240631e-03 2.293790203111711890e-05 3.424423266551457345e-05 3.325521174701862037e-05 2.569640128058381379e-05 3.424269671086221933e-04
3.000000000000000000e+03 1.519141253083944321e-03 1.378048455080715939e-05 1.926752156578004360e-05 1.410613458574516699e-05 1.216777855006512254e-05 1.380790054099634290e-04 1.519141253083944321e-03 1.378048455080715939e-05 1.926752156578004360e-05 1.410613458574516699e-05 1.216777855006512254e-05 1.380790054099634290e-04
4.000000000000000000e+03 9.247743291780352592e-04 7.526040462835226208e-06 9.998461791838053614e-06 1.041213090502424166e-05 8.931132470024749637e-06 2.244235947728157043e-04 9.247743291780352592e-04 7.526040462835226208e-06 9.998461791838053614e-06 1.041213090502424166e-05 8.931132470024749637e-06 2.244235947728157043e-04
5.000000000000000000e+03 4.770326777361333370e-04 4.524932592175900936e-06 6.282527010625926778e-06 6.595482318516587839e-06 5.496990979736438021e-06 4.807022196473553777e-05 4.770326777361333370e-04 4.524932592175900936e-06 6.282527010625926778e-06 6.595482318516587839e-06 5.496990979736438021e-06 4.807022196473553777e-05
