# learning_rate: 0.05
# num_dense_layers: 5
# num_dense_nodes: 20
# activation:ReLU 
# batch_size: 32
# final loss: 0.11873450875282288
# Training Time: 39.56782507896423

# step, loss_train, loss_test, metrics_test
0.000000000000000000e+00 1.755736589431762695e+00 1.625179313123226166e-02 1.976762339472770691e-02 2.743800543248653412e-02 1.500140316784381866e-02 7.060936093330383301e-01 1.755736589431762695e+00 1.625179313123226166e-02 1.976762339472770691e-02 2.743800543248653412e-02 1.500140316784381866e-02 7.060936093330383301e-01
1.000000000000000000e+03 7.552271243184804916e-03 4.592190089169889688e-04 3.961489346693269908e-05 7.723886665189638734e-05 3.033105167560279369e-04 1.151870191097259521e-01 7.552271243184804916e-03 4.592190089169889688e-04 3.961489346693269908e-05 7.723886665189638734e-05 3.033105167560279369e-04 1.151870191097259521e-01
2.000000000000000000e+03 8.566088043153285980e-03 6.970159010961651802e-04 1.962817041203379631e-04 8.373504533665254712e-05 4.677086253650486469e-04 1.112183257937431335e-01 8.566088043153285980e-03 6.970159010961651802e-04 1.962817041203379631e-04 8.373504533665254712e-05 4.677086253650486469e-04 1.112183257937431335e-01
3.000000000000000000e+03 1.040825527161359787e-02 3.256213676650077105e-04 6.491599924629554152e-05 1.547026295156683773e-05 4.513511375989764929e-04 1.074688956141471863e-01 1.040825527161359787e-02 3.256213676650077105e-04 6.491599924629554152e-05 1.547026295156683773e-05 4.513511375989764929e-04 1.074688956141471863e-01
4.000000000000000000e+03 0.000000000000000000e+00 3.345927107147872448e-04 3.345927107147872448e-04 3.345927107147872448e-04 3.345927398186177015e-04 1.377471089363098145e-01 0.000000000000000000e+00 3.345927107147872448e-04 3.345927107147872448e-04 3.345927107147872448e-04 3.345927398186177015e-04 1.377471089363098145e-01
5.000000000000000000e+03 0.000000000000000000e+00 3.345926525071263313e-04 3.345926525071263313e-04 3.345926525071263313e-04 3.345927107147872448e-04 1.377471089363098145e-01 0.000000000000000000e+00 3.345926525071263313e-04 3.345926525071263313e-04 3.345926525071263313e-04 3.345927107147872448e-04 1.377471089363098145e-01
