# learning_rate: 0.000806
# num_dense_layers: 3
# num_dense_nodes: 70
# activation:ReLU 
# batch_size: 32
# final loss: 0.05652271956205368
# Training Time: 31.890640020370483

# step, loss_train, loss_test, metrics_test
0.000000000000000000e+00 1.159680724143981934e+00 6.096038501709699631e-03 3.735944256186485291e-02 3.734089061617851257e-02 5.945432465523481369e-03 2.663100361824035645e-01 1.159680724143981934e+00 6.096038501709699631e-03 3.735944256186485291e-02 3.734089061617851257e-02 5.945432465523481369e-03 2.663100361824035645e-01
1.000000000000000000e+03 1.962316781282424927e-02 7.886508683441206813e-05 4.885416637989692390e-05 8.847789285937324166e-05 1.155182180809788406e-04 4.297293350100517273e-02 1.962316781282424927e-02 7.886508683441206813e-05 4.885416637989692390e-05 8.847789285937324166e-05 1.155182180809788406e-04 4.297293350100517273e-02
2.000000000000000000e+03 2.069423347711563110e-02 9.786319424165412784e-05 4.212025305605493486e-05 7.861923950258642435e-05 1.464598317397758365e-04 3.546342626214027405e-02 2.069423347711563110e-02 9.786319424165412784e-05 4.212025305605493486e-05 7.861923950258642435e-05 1.464598317397758365e-04 3.546342626214027405e-02
3.000000000000000000e+03 2.194064483046531677e-02 6.413731898646801710e-05 4.339959559729322791e-05 1.010149862850084901e-04 1.529120490886271000e-04 4.122012108564376831e-02 2.194064483046531677e-02 6.413731898646801710e-05 4.339959559729322791e-05 1.010149862850084901e-04 1.529120490886271000e-04 4.122012108564376831e-02
4.000000000000000000e+03 1.770435832440853119e-02 1.188109963550232351e-04 4.512751547736115754e-05 6.818942347308620811e-05 1.920020440593361855e-04 4.059491306543350220e-02 1.770435832440853119e-02 1.188109963550232351e-04 4.512751547736115754e-05 6.818942347308620811e-05 1.920020440593361855e-04 4.059491306543350220e-02
5.000000000000000000e+03 2.063763514161109924e-02 7.819115853635594249e-05 2.224796844529919326e-05 8.522561984136700630e-05 1.505788968643173575e-04 4.584503918886184692e-02 2.063763514161109924e-02 7.819115853635594249e-05 2.224796844529919326e-05 8.522561984136700630e-05 1.505788968643173575e-04 4.584503918886184692e-02
