# learning_rate: 0.005213005597451315
# num_dense_layers: 2
# num_dense_nodes: 20
# activation: sin 
# batch_size: 32

# step, loss_train, loss_test, metrics_test
0.000000000000000000e+00 1.199415683746337891e+01 1.134870424866676331e-01 4.478537291288375854e-02 3.416290879249572754e-02 4.815001413226127625e-02 3.781524181365966797e+00 1.199415683746337891e+01 1.134870424866676331e-01 4.478537291288375854e-02 3.416290879249572754e-02 4.815001413226127625e-02 3.781524181365966797e+00
1.000000000000000000e+03 1.504225470125675201e-02 4.162572804489172995e-05 6.114583084126934409e-05 9.577927266946062446e-05 1.287753984797745943e-04 2.908374182879924774e-02 1.504225470125675201e-02 4.162572804489172995e-05 6.114583084126934409e-05 9.577927266946062446e-05 1.287753984797745943e-04 2.908374182879924774e-02
2.000000000000000000e+03 1.038507930934429169e-02 1.019590345094911754e-04 7.552721945103257895e-05 5.955857341177761555e-05 9.920647426042705774e-05 1.654199883341789246e-02 1.038507930934429169e-02 1.019590345094911754e-04 7.552721945103257895e-05 5.955857341177761555e-05 9.920647426042705774e-05 1.654199883341789246e-02
3.000000000000000000e+03 8.896049112081527710e-03 5.595502443611621857e-05 4.541223461274057627e-05 3.498280420899391174e-05 5.487390080816112459e-05 9.112780913710594177e-03 8.896049112081527710e-03 5.595502443611621857e-05 4.541223461274057627e-05 3.498280420899391174e-05 5.487390080816112459e-05 9.112780913710594177e-03
4.000000000000000000e+03 7.476278115063905716e-03 3.641305011115036905e-05 3.580078919185325503e-05 3.001354707521386445e-05 3.638959606178104877e-05 4.964840598404407501e-03 7.476278115063905716e-03 3.641305011115036905e-05 3.580078919185325503e-05 3.001354707521386445e-05 3.638959606178104877e-05 4.964840598404407501e-03
5.000000000000000000e+03 6.327870767563581467e-03 2.525558920751791447e-05 2.507200406398624182e-05 3.131763514829799533e-05 3.861162622342817485e-05 3.283334663137793541e-03 6.327870767563581467e-03 2.525558920751791447e-05 2.507200406398624182e-05 3.131763514829799533e-05 3.861162622342817485e-05 3.283334663137793541e-03
