# learning_rate: 0.05
# num_dense_layers: 3
# num_dense_nodes: 70
# activation:sin 
# batch_size: 32
# final loss: 0.002104985062032938
# Training Time: 43.806780099868774

# step, loss_train, loss_test, metrics_test
0.000000000000000000e+00 3.286592483520507812e+00 7.457781583070755005e-03 1.839256286621093750e-02 1.934458874166011810e-02 1.258864533156156540e-03 1.038467168807983398e+00 3.286592483520507812e+00 7.457781583070755005e-03 1.839256286621093750e-02 1.934458874166011810e-02 1.258864533156156540e-03 1.038467168807983398e+00
1.000000000000000000e+03 3.832454094663262367e-03 1.457308007957180962e-05 1.666595380811486393e-05 2.015871541516389698e-05 1.770817289070691913e-05 6.184619269333779812e-04 3.832454094663262367e-03 1.457308007957180962e-05 1.666595380811486393e-05 2.015871541516389698e-05 1.770817289070691913e-05 6.184619269333779812e-04
2.000000000000000000e+03 1.918696332722902298e-03 1.336170953436521813e-05 1.819092722143977880e-05 1.256140421901363879e-05 1.145897022070130333e-05 1.882374781416729093e-04 1.918696332722902298e-03 1.336170953436521813e-05 1.819092722143977880e-05 1.256140421901363879e-05 1.145897022070130333e-05 1.882374781416729093e-04
3.000000000000000000e+03 1.836088951677083969e-03 1.397636697220150381e-05 1.279641128348885104e-05 1.352677918475819752e-05 7.855238436604849994e-06 2.207414217991754413e-04 1.836088951677083969e-03 1.397636697220150381e-05 1.279641128348885104e-05 1.352677918475819752e-05 7.855238436604849994e-06 2.207414217991754413e-04
4.000000000000000000e+03 1.361439086914062500e+03 1.614075899124145508e-02 1.412700768560171127e-02 1.308171451091766357e-02 1.615980267524719238e-02 1.006590604782104492e+00 1.361439086914062500e+03 1.614075899124145508e-02 1.412700768560171127e-02 1.308171451091766357e-02 1.615980267524719238e-02 1.006590604782104492e+00
5.000000000000000000e+03 1.023149467073380947e-03 3.345905279275029898e-04 3.345873847138136625e-04 3.345815930515527725e-04 3.345987934153527021e-04 1.377466768026351929e-01 1.023149467073380947e-03 3.345905279275029898e-04 3.345873847138136625e-04 3.345815930515527725e-04 3.345987934153527021e-04 1.377466768026351929e-01
