# learning_rate: 0.001565788905728257
# num_dense_layers: 2
# num_dense_nodes: 37
# activation: sigmoid 
# batch_size: 32

# step, loss_train, loss_test, metrics_test
0.000000000000000000e+00 1.976839266717433929e-02 1.238207053393125534e-02 8.156593888998031616e-03 8.418898098170757294e-03 1.414449978619813919e-02 8.081113100051879883e-01 1.976839266717433929e-02 1.238207053393125534e-02 8.156593888998031616e-03 8.418898098170757294e-03 1.414449978619813919e-02 8.081113100051879883e-01
1.000000000000000000e+03 7.563392631709575653e-03 2.977680123876780272e-04 6.493132968898862600e-05 1.025276287691667676e-04 1.998371881200000644e-04 9.273745864629745483e-02 7.563392631709575653e-03 2.977680123876780272e-04 6.493132968898862600e-05 1.025276287691667676e-04 1.998371881200000644e-04 9.273745864629745483e-02
2.000000000000000000e+03 1.075496897101402283e-02 4.024341760668903589e-04 1.416640734532848001e-04 8.765652455622330308e-05 1.864666846813634038e-04 5.712427571415901184e-02 1.075496897101402283e-02 4.024341760668903589e-04 1.416640734532848001e-04 8.765652455622330308e-05 1.864666846813634038e-04 5.712427571415901184e-02
3.000000000000000000e+03 9.920020587742328644e-03 1.520564983366057277e-04 8.838493522489443421e-05 1.096267296816222370e-04 1.604941789992153645e-04 1.579449698328971863e-02 9.920020587742328644e-03 1.520564983366057277e-04 8.838493522489443421e-05 1.096267296816222370e-04 1.604941789992153645e-04 1.579449698328971863e-02
4.000000000000000000e+03 1.039123535156250000e-02 6.415545067284256220e-05 5.781752042821608484e-05 6.835352542111650109e-05 1.190176481031812727e-04 4.161082208156585693e-03 1.039123535156250000e-02 6.415545067284256220e-05 5.781752042821608484e-05 6.835352542111650109e-05 1.190176481031812727e-04 4.161082208156585693e-03
5.000000000000000000e+03 9.855088777840137482e-03 4.804032141692005098e-05 6.415497773559764028e-05 6.856752588646486402e-05 1.004205550998449326e-04 2.617422956973314285e-03 9.855088777840137482e-03 4.804032141692005098e-05 6.415497773559764028e-05 6.856752588646486402e-05 1.004205550998449326e-04 2.617422956973314285e-03
