# learning_rate: 0.000168
# num_dense_layers: 5
# num_dense_nodes: 30
# activation:sigmoid 
# batch_size: 32
# final loss: 0.03138916566967964
# Training Time: 51.16906523704529

# step, loss_train, loss_test, metrics_test
0.000000000000000000e+00 1.240185724782350007e-06 6.885681301355361938e-03 6.920591928064823151e-03 6.933546159416437149e-03 6.894812919199466705e-03 6.667244434356689453e-01 1.240185724782350007e-06 6.885681301355361938e-03 6.920591928064823151e-03 6.933546159416437149e-03 6.894812919199466705e-03 6.667244434356689453e-01
1.000000000000000000e+03 7.188600138761103153e-04 4.029058909509330988e-04 2.368662826484069228e-04 1.617566740605980158e-04 3.029998333659023046e-04 1.334839463233947754e-01 7.188600138761103153e-04 4.029058909509330988e-04 2.368662826484069228e-04 1.617566740605980158e-04 3.029998333659023046e-04 1.334839463233947754e-01
2.000000000000000000e+03 6.615766789764165878e-03 4.379340098239481449e-04 1.442532084183767438e-04 2.108630178554449230e-05 1.102336464100517333e-04 1.167244762182235718e-01 6.615766789764165878e-03 4.379340098239481449e-04 1.442532084183767438e-04 2.108630178554449230e-05 1.102336464100517333e-04 1.167244762182235718e-01
3.000000000000000000e+03 1.012478396296501160e-02 4.272068908903747797e-04 8.669292583363130689e-05 1.572145411046221852e-04 3.234558971598744392e-04 9.545151889324188232e-02 1.012478396296501160e-02 4.272068908903747797e-04 8.669292583363130689e-05 1.572145411046221852e-04 3.234558971598744392e-04 9.545151889324188232e-02
4.000000000000000000e+03 1.052499935030937195e-02 2.599225554149597883e-04 2.759761991910636425e-05 8.103522122837603092e-05 1.521269732620567083e-04 6.356737017631530762e-02 1.052499935030937195e-02 2.599225554149597883e-04 2.759761991910636425e-05 8.103522122837603092e-05 1.521269732620567083e-04 6.356737017631530762e-02
5.000000000000000000e+03 1.256073918193578720e-02 5.227384463069029152e-05 1.664775481913238764e-05 4.892295328318141401e-05 5.195645644562318921e-05 1.865862496197223663e-02 1.256073918193578720e-02 5.227384463069029152e-05 1.664775481913238764e-05 4.892295328318141401e-05 5.195645644562318921e-05 1.865862496197223663e-02
