# learning_rate: 0.00012866482362658752
# num_dense_layers: 6
# num_dense_nodes: 48
# activation: sigmoid 
# batch_size: 32

# step, loss_train, loss_test, metrics_test
0.000000000000000000e+00 4.528427766103959584e-08 4.535673186182975769e-02 4.536658152937889099e-02 4.538269340991973877e-02 4.537658765912055969e-02 2.845818758010864258e+00 4.528427766103959584e-08 4.535673186182975769e-02 4.536658152937889099e-02 4.538269340991973877e-02 4.537658765912055969e-02 2.845818758010864258e+00
1.000000000000000000e+03 5.123556547914631665e-06 3.409192140679806471e-04 3.297095245216041803e-04 3.166738024447113276e-04 3.283792757429182529e-04 1.373436897993087769e-01 5.123556547914631665e-06 3.409192140679806471e-04 3.297095245216041803e-04 3.166738024447113276e-04 3.283792757429182529e-04 1.373436897993087769e-01
2.000000000000000000e+03 1.278555253520607948e-03 4.089146095793694258e-04 2.077042590826749802e-04 1.326104829786345363e-04 2.894594799727201462e-04 1.312705278396606445e-01 1.278555253520607948e-03 4.089146095793694258e-04 2.077042590826749802e-04 1.326104829786345363e-04 2.894594799727201462e-04 1.312705278396606445e-01
