# learning_rate: 0.05
# num_dense_layers: 3
# num_dense_nodes: 70
# activation:tanh 
# batch_size: 32
# final loss: 0.13908573985099792
# Training Time: 44.22727394104004

# step, loss_train, loss_test, metrics_test
0.000000000000000000e+00 3.166814148426055908e-01 1.357009727507829666e-02 2.257672458654269576e-04 3.289430169388651848e-03 1.194450166076421738e-02 2.169103622436523438e-01 3.166814148426055908e-01 1.357009727507829666e-02 2.257672458654269576e-04 3.289430169388651848e-03 1.194450166076421738e-02 2.169103622436523438e-01
1.000000000000000000e+03 4.177585424258722924e-07 3.345710865687578917e-04 3.345971053931862116e-04 3.346079902257770300e-04 3.345843579154461622e-04 1.377488523721694946e-01 4.177585424258722924e-07 3.345710865687578917e-04 3.345971053931862116e-04 3.346079902257770300e-04 3.345843579154461622e-04 1.377488523721694946e-01
2.000000000000000000e+03 8.322017208683973877e-08 3.345776349306106567e-04 3.345957084093242884e-04 3.346051089465618134e-04 3.345857548993080854e-04 1.377480328083038330e-01 8.322017208683973877e-08 3.345776349306106567e-04 3.345957084093242884e-04 3.346051089465618134e-04 3.345857548993080854e-04 1.377480328083038330e-01
3.000000000000000000e+03 2.473741389508177235e-08 3.305269347038120031e-04 3.305399732198566198e-04 3.305479476694017649e-04 3.305332502350211143e-04 1.377646028995513916e-01 2.473741389508177235e-08 3.305269347038120031e-04 3.305399732198566198e-04 3.305479476694017649e-04 3.305332502350211143e-04 1.377646028995513916e-01
4.000000000000000000e+03 8.566082954075682210e-09 3.357939131092280149e-04 3.358035755809396505e-04 3.358106769155710936e-04 3.357992682140320539e-04 1.377427130937576294e-01 8.566082954075682210e-09 3.357939131092280149e-04 3.358035755809396505e-04 3.358106769155710936e-04 3.357992682140320539e-04 1.377427130937576294e-01
5.000000000000000000e+03 3.166376272289994631e-09 3.346784797031432390e-04 3.346854064147919416e-04 3.346914018038660288e-04 3.346831654198467731e-04 1.377470046281814575e-01 3.166376272289994631e-09 3.346784797031432390e-04 3.346854064147919416e-04 3.346914018038660288e-04 3.346831654198467731e-04 1.377470046281814575e-01
