# learning_rate: 0.000283
# num_dense_layers: 3
# num_dense_nodes: 40
# activation:Swish 
# batch_size: 32
# final loss: 0.006258674431592226
# Training Time: 47.97187399864197

# step, loss_train, loss_test, metrics_test
0.000000000000000000e+00 8.546165227890014648e-01 2.010035328567028046e-02 1.247162465006113052e-02 1.215258520096540451e-02 1.347521413117647171e-02 4.091171920299530029e-01 8.546165227890014648e-01 2.010035328567028046e-02 1.247162465006113052e-02 1.215258520096540451e-02 1.347521413117647171e-02 4.091171920299530029e-01
1.000000000000000000e+03 9.626225568354129791e-03 5.152099183760583401e-04 3.574908187147229910e-04 1.099800938391126692e-04 1.724673056742176414e-04 8.028127998113632202e-02 9.626225568354129791e-03 5.152099183760583401e-04 3.574908187147229910e-04 1.099800938391126692e-04 1.724673056742176414e-04 8.028127998113632202e-02
2.000000000000000000e+03 1.173231936991214752e-02 2.839007356669753790e-04 2.680474135559052229e-04 1.312098174821585417e-04 2.034350327448919415e-04 4.887321963906288147e-02 1.173231936991214752e-02 2.839007356669753790e-04 2.680474135559052229e-04 1.312098174821585417e-04 2.034350327448919415e-04 4.887321963906288147e-02
3.000000000000000000e+03 1.006419025361537933e-02 8.525384328095242381e-05 5.738816616940312088e-05 5.392896855482831597e-05 9.943734767148271203e-05 1.338931266218423843e-02 1.006419025361537933e-02 8.525384328095242381e-05 5.738816616940312088e-05 5.392896855482831597e-05 9.943734767148271203e-05 1.338931266218423843e-02
4.000000000000000000e+03 6.750723347067832947e-03 1.808143133530393243e-05 5.363000309444032609e-05 5.967476317891851068e-05 3.429955540923401713e-05 3.335522022098302841e-03 6.750723347067832947e-03 1.808143133530393243e-05 5.363000309444032609e-05 5.967476317891851068e-05 3.429955540923401713e-05 3.335522022098302841e-03
5.000000000000000000e+03 5.310369655489921570e-03 1.710706965241115540e-05 5.846421845490112901e-05 4.554753832053393126e-05 1.833662645367439836e-05 8.088488830253481865e-04 5.310369655489921570e-03 1.710706965241115540e-05 5.846421845490112901e-05 4.554753832053393126e-05 1.833662645367439836e-05 8.088488830253481865e-04
