# learning_rate: 0.0084
# num_dense_layers: 9
# num_dense_nodes: 30
# activation:ReLU 
# batch_size: 32
# final loss: 0.07116040587425232
# Training Time: 55.09425163269043

# step, loss_train, loss_test, metrics_test
0.000000000000000000e+00 6.591538898646831512e-03 5.691525802831165493e-05 4.698495467891916633e-05 6.089567978051491082e-05 3.278994336142204702e-05 1.486273854970932007e-01 6.591538898646831512e-03 5.691525802831165493e-05 4.698495467891916633e-05 6.089567978051491082e-05 3.278994336142204702e-05 1.486273854970932007e-01
1.000000000000000000e+03 1.808377541601657867e-02 1.188216047012247145e-04 1.156738926511025056e-05 7.594512862851843238e-05 2.255034924019128084e-04 5.264479294419288635e-02 1.808377541601657867e-02 1.188216047012247145e-04 1.156738926511025056e-05 7.594512862851843238e-05 2.255034924019128084e-04 5.264479294419288635e-02
2.000000000000000000e+03 2.254524454474449158e-02 7.038813055260106921e-05 1.238485583598958328e-05 4.554919360089115798e-05 3.863961610477417707e-04 5.090453103184700012e-02 2.254524454474449158e-02 7.038813055260106921e-05 1.238485583598958328e-05 4.554919360089115798e-05 3.863961610477417707e-04 5.090453103184700012e-02
3.000000000000000000e+03 8.333158679306507111e-03 2.321703796042129397e-04 5.180849257158115506e-05 4.801313480129465461e-05 1.880543277366086841e-04 9.927245974540710449e-02 8.333158679306507111e-03 2.321703796042129397e-04 5.180849257158115506e-05 4.801313480129465461e-05 1.880543277366086841e-04 9.927245974540710449e-02
4.000000000000000000e+03 3.147077187895774841e-02 9.351936751045286655e-05 1.066275785888137762e-06 9.486858289164956659e-06 4.627612943295389414e-04 6.731082499027252197e-02 3.147077187895774841e-02 9.351936751045286655e-05 1.066275785888137762e-06 9.486858289164956659e-06 4.627612943295389414e-04 6.731082499027252197e-02
5.000000000000000000e+03 2.303351648151874542e-02 3.681510279420763254e-04 7.694071246078237891e-05 2.911915362346917391e-04 5.787012632936239243e-04 5.529252439737319946e-02 2.303351648151874542e-02 3.681510279420763254e-04 7.694071246078237891e-05 2.911915362346917391e-04 5.787012632936239243e-04 5.529252439737319946e-02
