# learning_rate: 0.000283
# num_dense_layers: 5
# num_dense_nodes: 20
# activation:Swish 
# batch_size: 32
# final loss: 0.004234436899423599
# Training Time: 68.3269739151001

# step, loss_train, loss_test, metrics_test
0.000000000000000000e+00 1.524742245674133301e-01 3.146639093756675720e-03 4.025703296065330505e-03 2.745928242802619934e-03 3.116260049864649773e-04 1.169099658727645874e-01 1.524742245674133301e-01 3.146639093756675720e-03 4.025703296065330505e-03 2.745928242802619934e-03 3.116260049864649773e-04 1.169099658727645874e-01
1.000000000000000000e+03 1.338733360171318054e-02 1.608479797141626477e-04 7.963613461470231414e-05 1.103634931496344507e-04 2.534573432058095932e-04 1.945852488279342651e-02 1.338733360171318054e-02 1.608479797141626477e-04 7.963613461470231414e-05 1.103634931496344507e-04 2.534573432058095932e-04 1.945852488279342651e-02
2.000000000000000000e+03 6.643584929406642914e-03 2.005735404964070767e-05 5.162533489055931568e-05 8.109761984087526798e-05 6.906408816576004028e-05 1.182970008812844753e-03 6.643584929406642914e-03 2.005735404964070767e-05 5.162533489055931568e-05 8.109761984087526798e-05 6.906408816576004028e-05 1.182970008812844753e-03
3.000000000000000000e+03 5.177142098546028137e-03 1.927090670506004244e-05 6.272780592553317547e-05 5.910755862714722753e-05 2.823864087986294180e-05 4.937231424264609814e-04 5.177142098546028137e-03 1.927090670506004244e-05 6.272780592553317547e-05 5.910755862714722753e-05 2.823864087986294180e-05 4.937231424264609814e-04
4.000000000000000000e+03 4.366760607808828354e-03 2.271786433993838727e-05 5.198710641707293689e-05 2.974977360281627625e-05 2.094583578582387418e-05 3.077575529459863901e-04 4.366760607808828354e-03 2.271786433993838727e-05 5.198710641707293689e-05 2.974977360281627625e-05 2.094583578582387418e-05 3.077575529459863901e-04
5.000000000000000000e+03 3.924868069589138031e-03 1.876738497230689973e-05 4.944718602928332984e-05 2.392689748376142234e-05 1.798976518330164254e-05 1.994372141780331731e-04 3.924868069589138031e-03 1.876738497230689973e-05 4.944718602928332984e-05 2.392689748376142234e-05 1.798976518330164254e-05 1.994372141780331731e-04
