# learning_rate: 0.001
# num_dense_layers: 9
# num_dense_nodes: 60
# activation:tanh 
# batch_size: 32
# final loss: 0.003434917191043496
# Training Time: 85.08533239364624

# step, loss_train, loss_test, metrics_test
0.000000000000000000e+00 2.428617954254150391e+00 3.009318839758634567e-03 3.422221168875694275e-02 4.065599665045738220e-02 4.606140777468681335e-03 9.056675434112548828e-01 2.428617954254150391e+00 3.009318839758634567e-03 3.422221168875694275e-02 4.065599665045738220e-02 4.606140777468681335e-03 9.056675434112548828e-01
1.000000000000000000e+03 6.835193373262882233e-03 5.015872375224716961e-05 5.110969141242094338e-05 6.461226439569145441e-05 4.909223571303300560e-05 8.660196908749639988e-04 6.835193373262882233e-03 5.015872375224716961e-05 5.110969141242094338e-05 6.461226439569145441e-05 4.909223571303300560e-05 8.660196908749639988e-04
2.000000000000000000e+03 4.562396090477705002e-03 1.449742740078363568e-05 4.268062184564769268e-05 1.884735320345498621e-05 1.295577567361760885e-05 5.152544472366571426e-04 4.562396090477705002e-03 1.449742740078363568e-05 4.268062184564769268e-05 1.884735320345498621e-05 1.295577567361760885e-05 5.152544472366571426e-04
3.000000000000000000e+03 4.242553375661373138e-03 1.446406440663849935e-05 5.868607695447281003e-05 2.786178083624690771e-05 1.589604835317004472e-05 2.977268304675817490e-04 4.242553375661373138e-03 1.446406440663849935e-05 5.868607695447281003e-05 2.786178083624690771e-05 1.589604835317004472e-05 2.977268304675817490e-04
4.000000000000000000e+03 3.570930100977420807e-03 6.270248832151992247e-06 4.163260382483713329e-05 2.527122524043079466e-05 1.471424184273928404e-05 5.122207803651690483e-04 3.570930100977420807e-03 6.270248832151992247e-06 4.163260382483713329e-05 2.527122524043079466e-05 1.471424184273928404e-05 5.122207803651690483e-04
5.000000000000000000e+03 2.668054075911641121e-03 5.080959454062394798e-06 2.589673931652214378e-05 2.110967579938005656e-05 1.283396704820916057e-05 7.019418408162891865e-04 2.668054075911641121e-03 5.080959454062394798e-06 2.589673931652214378e-05 2.110967579938005656e-05 1.283396704820916057e-05 7.019418408162891865e-04
