# learning_rate: 0.0316
# num_dense_layers: 10
# num_dense_nodes: 20
# activation:Swish 
# batch_size: 32
# final loss: 0.00021582894260063767
# Training Time: 118.13253927230835

# step, loss_train, loss_test, metrics_test
0.000000000000000000e+00 1.460490693716565147e-05 7.488049504900118336e-07 3.954811802486801753e-07 7.828837311762981699e-08 2.314980775963704218e-07 1.551830172538757324e-01 1.460490693716565147e-05 7.488049504900118336e-07 3.954811802486801753e-07 7.828837311762981699e-08 2.314980775963704218e-07 1.551830172538757324e-01
1.000000000000000000e+03 1.069252192974090576e-02 6.106866931077092886e-05 2.131640758307185024e-05 7.263381121447309852e-05 6.233277963474392891e-05 1.026734523475170135e-02 1.069252192974090576e-02 6.106866931077092886e-05 2.131640758307185024e-05 7.263381121447309852e-05 6.233277963474392891e-05 1.026734523475170135e-02
2.000000000000000000e+03 1.988883595913648605e-04 1.997580511670093983e-06 1.337749836238799617e-06 1.131749399974069092e-06 1.088047838493366726e-06 1.138545576395699754e-05 1.988883595913648605e-04 1.997580511670093983e-06 1.337749836238799617e-06 1.131749399974069092e-06 1.088047838493366726e-06 1.138545576395699754e-05
3.000000000000000000e+03 4.839879984501749277e-04 2.240801904918043874e-06 2.200643848482286558e-06 1.312175299972295761e-06 1.310279344579612371e-06 2.033980999840423465e-04 4.839879984501749277e-04 2.240801904918043874e-06 2.200643848482286558e-06 1.312175299972295761e-06 1.310279344579612371e-06 2.033980999840423465e-04
4.000000000000000000e+03 6.569890538230538368e-04 1.920379190778476186e-06 9.490879051554657053e-07 6.386098334587586578e-07 1.242861003447615076e-06 2.993874368257820606e-04 6.569890538230538368e-04 1.920379190778476186e-06 9.490879051554657053e-07 6.386098334587586578e-07 1.242861003447615076e-06 2.993874368257820606e-04
5.000000000000000000e+03 3.061932602577144280e-06 8.736122399568557739e-02 8.736121654510498047e-02 8.736123889684677124e-02 8.736123889684677124e-02 3.941310644149780273e+00 3.061932602577144280e-06 8.736122399568557739e-02 8.736121654510498047e-02 8.736123889684677124e-02 8.736123889684677124e-02 3.941310644149780273e+00
