# learning_rate: 0.0187
# num_dense_layers: 10
# num_dense_nodes: 70
# activation:sigmoid 
# batch_size: 32
# final loss: 0.0009457763517275453
# Training Time: 114.74097037315369

# step, loss_train, loss_test, metrics_test
0.000000000000000000e+00 2.259911225169219939e-12 1.992452144622802734e-01 1.992449760437011719e-01 1.992450356483459473e-01 1.992453187704086304e-01 9.237595558166503906e+00 2.259911225169219939e-12 1.992452144622802734e-01 1.992449760437011719e-01 1.992450356483459473e-01 1.992453187704086304e-01 9.237595558166503906e+00
1.000000000000000000e+03 2.409726430467535438e-18 3.345925651956349611e-04 3.345925069879740477e-04 3.345925069879740477e-04 3.345925360918045044e-04 1.377471089363098145e-01 2.409726430467535438e-18 3.345925651956349611e-04 3.345925069879740477e-04 3.345925069879740477e-04 3.345925360918045044e-04 1.377471089363098145e-01
2.000000000000000000e+03 2.570284950147324037e-16 3.345928853377699852e-04 3.345927107147872448e-04 3.345926234032958746e-04 3.345927398186177015e-04 1.377471089363098145e-01 2.570284950147324037e-16 3.345928853377699852e-04 3.345927107147872448e-04 3.345926234032958746e-04 3.345927398186177015e-04 1.377471089363098145e-01
3.000000000000000000e+03 1.008530830404197332e-06 3.310914325993508101e-04 3.292838227935135365e-04 3.289378655608743429e-04 3.297251241747289896e-04 1.376785784959793091e-01 1.008530830404197332e-06 3.310914325993508101e-04 3.292838227935135365e-04 3.289378655608743429e-04 3.297251241747289896e-04 1.376785784959793091e-01
4.000000000000000000e+03 7.842338527552783489e-04 3.300860498711699620e-06 2.881602085835766047e-06 2.776068413368193433e-06 3.155079411953920498e-06 1.494288735557347536e-04 7.842338527552783489e-04 3.300860498711699620e-06 2.881602085835766047e-06 2.776068413368193433e-06 3.155079411953920498e-06 1.494288735557347536e-04
5.000000000000000000e+03 3.088016295805573463e-03 4.533829269348643720e-06 2.657933691807556897e-06 1.861194846242142376e-06 3.089096708208671771e-06 5.245747161097824574e-04 3.088016295805573463e-03 4.533829269348643720e-06 2.657933691807556897e-06 1.861194846242142376e-06 3.089096708208671771e-06 5.245747161097824574e-04
