# learning_rate: 0.0084
# num_dense_layers: 3
# num_dense_nodes: 30
# activation:ReLU 
# batch_size: 32
# final loss: 0.07520109415054321
# Training Time: 31.97726607322693

# step, loss_train, loss_test, metrics_test
0.000000000000000000e+00 1.458842039108276367e+00 1.021874323487281799e-01 1.203542351722717285e-01 3.743609413504600525e-02 3.249802812933921814e-02 6.960874199867248535e-01 1.458842039108276367e+00 1.021874323487281799e-01 1.203542351722717285e-01 3.743609413504600525e-02 3.249802812933921814e-02 6.960874199867248535e-01
1.000000000000000000e+03 1.912724785506725311e-02 1.691677171038463712e-04 2.009259515034500510e-05 6.857342668808996677e-05 2.536631363909691572e-04 7.012725621461868286e-02 1.912724785506725311e-02 1.691677171038463712e-04 2.009259515034500510e-05 6.857342668808996677e-05 2.536631363909691572e-04 7.012725621461868286e-02
2.000000000000000000e+03 1.800432801246643066e-02 2.649588859640061855e-04 3.375535379745997488e-05 3.027152888535056263e-05 2.981103898491710424e-04 6.754257529973983765e-02 1.800432801246643066e-02 2.649588859640061855e-04 3.375535379745997488e-05 3.027152888535056263e-05 2.981103898491710424e-04 6.754257529973983765e-02
3.000000000000000000e+03 1.522710919380187988e-02 8.076187077676877379e-05 1.420938042429042980e-05 3.461927917669527233e-05 1.077812557923607528e-04 5.973661690950393677e-02 1.522710919380187988e-02 8.076187077676877379e-05 1.420938042429042980e-05 3.461927917669527233e-05 1.077812557923607528e-04 5.973661690950393677e-02
4.000000000000000000e+03 1.641351915895938873e-02 2.045516157522797585e-04 2.962425969599280506e-05 3.346080484334379435e-05 1.872152934083715081e-04 7.920584827661514282e-02 1.641351915895938873e-02 2.045516157522797585e-04 2.962425969599280506e-05 3.346080484334379435e-05 1.872152934083715081e-04 7.920584827661514282e-02
5.000000000000000000e+03 1.892765238881111145e-02 1.060859212884679437e-04 1.208346475323196501e-05 5.376351327868178487e-05 2.566330367699265480e-04 7.980906963348388672e-02 1.892765238881111145e-02 1.060859212884679437e-04 1.208346475323196501e-05 5.376351327868178487e-05 2.566330367699265480e-04 7.980906963348388672e-02
