# learning_rate: 0.005225649631303073
# num_dense_layers: 9
# num_dense_nodes: 75
# activation: sin 
# batch_size: 32

# step, loss_train, loss_test, metrics_test
0.000000000000000000e+00 9.665212035179138184e-01 6.034560129046440125e-02 7.132270187139511108e-02 2.139244414865970612e-02 3.278404939919710159e-03 2.314257621765136719e+00 9.665212035179138184e-01 6.034560129046440125e-02 7.132270187139511108e-02 2.139244414865970612e-02 3.278404939919710159e-03 2.314257621765136719e+00
1.000000000000000000e+03 2.989305648952722549e-03 1.988578151213005185e-05 2.101572499668691307e-05 1.038748723658500239e-05 9.679441973275970668e-06 5.739961052313446999e-04 2.989305648952722549e-03 1.988578151213005185e-05 2.101572499668691307e-05 1.038748723658500239e-05 9.679441973275970668e-06 5.739961052313446999e-04
2.000000000000000000e+03 2.017904771491885185e-04 2.485742697899695486e-06 1.630679435038473457e-06 2.074890971925924532e-06 1.800823497433157172e-06 1.444631343474611640e-04 2.017904771491885185e-04 2.485742697899695486e-06 1.630679435038473457e-06 2.074890971925924532e-06 1.800823497433157172e-06 1.444631343474611640e-04
3.000000000000000000e+03 2.260634355479851365e-04 5.632150532619562000e-06 5.284705821395618841e-06 4.931804596708388999e-06 4.776689820573665202e-06 1.076313128578476608e-04 2.260634355479851365e-04 5.632150532619562000e-06 5.284705821395618841e-06 4.931804596708388999e-06 4.776689820573665202e-06 1.076313128578476608e-04
4.000000000000000000e+03 6.103573832660913467e-05 3.073008429055335000e-06 2.019658268181956373e-06 1.862101157712459099e-06 2.222192961198743433e-06 1.111876190407201648e-05 6.103573832660913467e-05 3.073008429055335000e-06 2.019658268181956373e-06 1.862101157712459099e-06 2.222192961198743433e-06 1.111876190407201648e-05
5.000000000000000000e+03 2.970392233692109585e-05 2.921592340499046259e-06 2.415072458461509086e-06 2.225313892267877236e-06 2.075649263133527711e-06 7.270568312378600240e-05 2.970392233692109585e-05 2.921592340499046259e-06 2.415072458461509086e-06 2.225313892267877236e-06 2.075649263133527711e-06 7.270568312378600240e-05
