# learning_rate: 0.001
# num_dense_layers: 5
# num_dense_nodes: 60
# activation: tanh 
# batch_size: 32

# step, loss_train, loss_test, metrics_test
0.000000000000000000e+00 1.105974689126014709e-01 6.760114338248968124e-03 1.226995512843132019e-02 1.228585187345743179e-02 3.472764510661363602e-03 4.207206368446350098e-01 1.105974689126014709e-01 6.760114338248968124e-03 1.226995512843132019e-02 1.228585187345743179e-02 3.472764510661363602e-03 4.207206368446350098e-01
1.000000000000000000e+03 7.760305888950824738e-03 7.289037603186443448e-05 3.748398376046679914e-05 4.070230716024525464e-05 7.411901606246829033e-05 1.492225448600947857e-03 7.760305888950824738e-03 7.289037603186443448e-05 3.748398376046679914e-05 4.070230716024525464e-05 7.411901606246829033e-05 1.492225448600947857e-03
2.000000000000000000e+03 5.695677362382411957e-03 4.253785300534218550e-05 8.727074600756168365e-05 3.752021802938543260e-05 2.340764331165701151e-05 7.744460599496960640e-04 5.695677362382411957e-03 4.253785300534218550e-05 8.727074600756168365e-05 3.752021802938543260e-05 2.340764331165701151e-05 7.744460599496960640e-04
