# learning_rate: 0.05
# num_dense_layers: 9
# num_dense_nodes: 30
# activation:ReLU 
# batch_size: 32
# final loss: 0.13908548653125763
# Training Time: 54.991474866867065

# step, loss_train, loss_test, metrics_test
0.000000000000000000e+00 2.230720594525337219e-02 1.903056399896740913e-03 2.329334383830428123e-03 4.451217246241867542e-04 3.445402253419160843e-04 1.395534127950668335e-01 2.230720594525337219e-02 1.903056399896740913e-03 2.329334383830428123e-03 4.451217246241867542e-04 3.445402253419160843e-04 1.395534127950668335e-01
1.000000000000000000e+03 0.000000000000000000e+00 3.345927107147872448e-04 3.345927107147872448e-04 3.345927107147872448e-04 3.345927398186177015e-04 1.377471089363098145e-01 0.000000000000000000e+00 3.345927107147872448e-04 3.345927107147872448e-04 3.345927107147872448e-04 3.345927398186177015e-04 1.377471089363098145e-01
2.000000000000000000e+03 0.000000000000000000e+00 3.345927398186177015e-04 3.345927398186177015e-04 3.345927398186177015e-04 3.345927398186177015e-04 1.377471089363098145e-01 0.000000000000000000e+00 3.345927398186177015e-04 3.345927398186177015e-04 3.345927398186177015e-04 3.345927398186177015e-04 1.377471089363098145e-01
3.000000000000000000e+03 0.000000000000000000e+00 3.345927107147872448e-04 3.345927107147872448e-04 3.345927107147872448e-04 3.345927398186177015e-04 1.377471089363098145e-01 0.000000000000000000e+00 3.345927107147872448e-04 3.345927107147872448e-04 3.345927107147872448e-04 3.345927398186177015e-04 1.377471089363098145e-01
4.000000000000000000e+03 0.000000000000000000e+00 3.354117216076701880e-04 3.354117216076701880e-04 3.354117216076701880e-04 3.354117216076701880e-04 1.377438753843307495e-01 0.000000000000000000e+00 3.354117216076701880e-04 3.354117216076701880e-04 3.354117216076701880e-04 3.354117216076701880e-04 1.377438753843307495e-01
5.000000000000000000e+03 0.000000000000000000e+00 3.345921868458390236e-04 3.345921868458390236e-04 3.345921868458390236e-04 3.345922450534999371e-04 1.377471238374710083e-01 0.000000000000000000e+00 3.345921868458390236e-04 3.345921868458390236e-04 3.345921868458390236e-04 3.345922450534999371e-04 1.377471238374710083e-01
