# learning_rate: 0.001
# num_dense_layers: 5
# num_dense_nodes: 60
# activation: tanh 
# batch_size: 32

# step, loss_train, loss_test, metrics_test
0.000000000000000000e+00 3.954833447933197021e-01 1.176838111132383347e-02 2.600471489131450653e-03 7.513614255003631115e-04 9.202114306390285492e-03 7.874245643615722656e-01 3.954833447933197021e-01 1.176838111132383347e-02 2.600471489131450653e-03 7.513614255003631115e-04 9.202114306390285492e-03 7.874245643615722656e-01
1.000000000000000000e+03 8.722093887627124786e-03 6.313571793725714087e-05 6.545227370224893093e-05 7.091450243024155498e-05 1.186543886433355510e-04 3.672170452773571014e-03 8.722093887627124786e-03 6.313571793725714087e-05 6.545227370224893093e-05 7.091450243024155498e-05 1.186543886433355510e-04 3.672170452773571014e-03
2.000000000000000000e+03 5.999698303639888763e-03 3.435786493355408311e-05 5.339087147149257362e-05 3.877295603160746396e-05 5.430317469290457666e-05 6.906450726091861725e-04 5.999698303639888763e-03 3.435786493355408311e-05 5.339087147149257362e-05 3.877295603160746396e-05 5.430317469290457666e-05 6.906450726091861725e-04
3.000000000000000000e+03 4.855250939726829529e-03 2.041021616605576128e-05 5.237060395302250981e-05 2.799098729155957699e-05 3.160882988595403731e-05 3.821018035523593426e-04 4.855250939726829529e-03 2.041021616605576128e-05 5.237060395302250981e-05 2.799098729155957699e-05 3.160882988595403731e-05 3.821018035523593426e-04
4.000000000000000000e+03 5.598342046141624451e-03 4.043526860186830163e-05 8.649889059597626328e-05 4.018155595986172557e-05 2.878949453588575125e-05 1.184140564873814583e-03 5.598342046141624451e-03 4.043526860186830163e-05 8.649889059597626328e-05 4.018155595986172557e-05 2.878949453588575125e-05 1.184140564873814583e-03
5.000000000000000000e+03 3.821797436103224754e-03 1.227016946359071881e-05 4.301932858652435243e-05 1.878620241768658161e-05 1.493200579716358334e-05 2.378164062974974513e-04 3.821797436103224754e-03 1.227016946359071881e-05 4.301932858652435243e-05 1.878620241768658161e-05 1.493200579716358334e-05 2.378164062974974513e-04
