# learning_rate: 0.000806
# num_dense_layers: 10
# num_dense_nodes: 20
# activation:Swish 
# batch_size: 32
# final loss: 0.0003124477807432413
# Training Time: 118.8545401096344

# step, loss_train, loss_test, metrics_test
0.000000000000000000e+00 6.240645598154515028e-05 4.868537416768958792e-06 2.510247213649563491e-06 2.420061377961246762e-07 8.921991252464067657e-07 1.531085222959518433e-01 6.240645598154515028e-05 4.868537416768958792e-06 2.510247213649563491e-06 2.420061377961246762e-07 8.921991252464067657e-07 1.531085222959518433e-01
1.000000000000000000e+03 3.920028451830148697e-03 2.293217221449594945e-05 4.301115404814481735e-05 2.100910387525800616e-05 1.290278214582940564e-05 8.668706141179427505e-05 3.920028451830148697e-03 2.293217221449594945e-05 4.301115404814481735e-05 2.100910387525800616e-05 1.290278214582940564e-05 8.668706141179427505e-05
2.000000000000000000e+03 1.131052966229617596e-03 3.033532948393258266e-06 6.241411938390228897e-06 5.254119969322346151e-06 5.082914412923855707e-06 2.902459818869829178e-04 1.131052966229617596e-03 3.033532948393258266e-06 6.241411938390228897e-06 5.254119969322346151e-06 5.082914412923855707e-06 2.902459818869829178e-04
3.000000000000000000e+03 7.742755115032196045e-04 4.000415628979681060e-06 6.112811661296291277e-06 2.937926410595537163e-06 3.386561729712411761e-06 1.770950620993971825e-04 7.742755115032196045e-04 4.000415628979681060e-06 6.112811661296291277e-06 2.937926410595537163e-06 3.386561729712411761e-06 1.770950620993971825e-04
4.000000000000000000e+03 1.306628575548529625e-03 4.309744781494373456e-06 4.465832262212643400e-06 2.070191840175539255e-06 2.652938974279095419e-06 4.033381264889612794e-05 1.306628575548529625e-03 4.309744781494373456e-06 4.465832262212643400e-06 2.070191840175539255e-06 2.652938974279095419e-06 4.033381264889612794e-05
5.000000000000000000e+03 2.827443822752684355e-04 2.597523007352720015e-06 2.896071691793622449e-06 2.317186726941145025e-06 2.428941115795169026e-06 1.946367956406902522e-05 2.827443822752684355e-04 2.597523007352720015e-06 2.896071691793622449e-06 2.317186726941145025e-06 2.428941115795169026e-06 1.946367956406902522e-05
