# learning_rate: 0.000806
# num_dense_layers: 10
# num_dense_nodes: 20
# activation:tanh 
# batch_size: 32
# final loss: 0.00515152420848608
# Training Time: 78.42670917510986

# step, loss_train, loss_test, metrics_test
0.000000000000000000e+00 4.624128639698028564e-01 6.954877171665430069e-04 4.712237510830163956e-03 2.990419976413249969e-03 4.891959251835942268e-04 3.408184349536895752e-01 4.624128639698028564e-01 6.954877171665430069e-04 4.712237510830163956e-03 2.990419976413249969e-03 4.891959251835942268e-04 3.408184349536895752e-01
1.000000000000000000e+03 1.395467296242713928e-02 6.990963447606191039e-05 5.289410546538420022e-05 4.902182990917935967e-05 6.911521631991490722e-05 1.179226115345954895e-02 1.395467296242713928e-02 6.990963447606191039e-05 5.289410546538420022e-05 4.902182990917935967e-05 6.911521631991490722e-05 1.179226115345954895e-02
2.000000000000000000e+03 8.014483377337455750e-03 5.019033051212318242e-05 4.450250708032399416e-05 4.815871579921804368e-05 5.553552909987047315e-05 1.604560064151883125e-03 8.014483377337455750e-03 5.019033051212318242e-05 4.450250708032399416e-05 4.815871579921804368e-05 5.553552909987047315e-05 1.604560064151883125e-03
3.000000000000000000e+03 6.202289368957281113e-03 3.385152012924663723e-05 3.065934288315474987e-05 2.860288986994419247e-05 2.876996586564928293e-05 8.559460984542965889e-04 6.202289368957281113e-03 3.385152012924663723e-05 3.065934288315474987e-05 2.860288986994419247e-05 2.876996586564928293e-05 8.559460984542965889e-04
4.000000000000000000e+03 5.260642617940902710e-03 2.618564758449792862e-05 3.982227281085215509e-05 1.938891728059388697e-05 1.605521720193792135e-05 4.340432351455092430e-04 5.260642617940902710e-03 2.618564758449792862e-05 3.982227281085215509e-05 1.938891728059388697e-05 1.605521720193792135e-05 4.340432351455092430e-04
5.000000000000000000e+03 4.750467836856842041e-03 1.741406958899460733e-05 3.516333163133822381e-05 1.727014023344963789e-05 1.253738355444511399e-05 3.186714602634310722e-04 4.750467836856842041e-03 1.741406958899460733e-05 3.516333163133822381e-05 1.727014023344963789e-05 1.253738355444511399e-05 3.186714602634310722e-04
